24
25
26
27
28
29
34
35
36
38
41
42
44
45
46
49
50
51
52
53
54
55
56
62
63
64
67
72
74
77
82
84
85
91
92
95
102
106
107
109
111
113
118
120
123
126
128
129
130
132
135
137
146
149
150
152
157
167
168
169
171
172
174
177
178
180
183
184
188
189
192
194
199
200
201
202
203
207
209
216
219
220
221
223
224
225
226
227
228
232
233
235
238
239
242
245
246
250
252
253
256
257
261
262
263
265
266
273
275
276
282
286
291
292
295
297
298
299
303
307
308
310
311
313
318
319
322
325
327
331
333
334
339
347
349
350
352
356
358
359
360
362
368
370
372
379
380
381
385
386
388
390
399
400
401
413
415
427
428
430
431
432
433
435
447
449
453
454
459
463
469
474
475
476
487
488
491
492
493
496
498
502
509
511
512
514
515
516
517
522
524
526
527
530
532
533
536
538
541
542
544
545
548
549
550
551
554
